0.15068 0.11000 0.16502 0.07502 0.10509 0.05740 0.04143 0.06310 0.14696 0.08530 
0.12337 0.06925 0.14466 0.04763 0.11677 0.11066 0.11314 0.14884 0.06009 0.06558 
0.05176 0.03667 0.17538 0.03121 0.13020 0.11711 0.04878 0.16544 0.13274 0.11071 
0.09345 0.10107 0.02457 0.08304 0.20211 0.16612 0.16034 0.02525 0.01844 0.12561 
0.09050 0.13380 0.14954 0.08317 0.03061 0.11466 0.04225 0.14240 0.11146 0.10162 
0.09595 0.24332 0.21057 0.03079 0.02356 0.09696 0.15636 0.07587 0.02114 0.04548 
0.11925 0.07528 0.09528 0.13564 0.13066 0.07490 0.09126 0.08242 0.09174 0.10356 
0.01565 0.04266 0.12301 0.01460 0.16473 0.16794 0.18288 0.00620 0.15639 0.12593 
0.13122 0.01641 0.09909 0.09984 0.03906 0.11643 0.17117 0.15409 0.17225 0.00044 
0.00150 0.15339 0.10788 0.13738 0.12553 0.07291 0.02288 0.03436 0.19046 0.15371 
0.11524 0.13050 0.12440 0.05329 0.13978 0.08895 0.01988 0.11586 0.09289 0.11922 
0.06106 0.05636 0.14404 0.14265 0.13857 0.02282 0.08513 0.12613 0.14969 0.07357 
0.12923 0.15399 0.02707 0.04891 0.09456 0.11595 0.10054 0.11077 0.14028 0.07869 
0.09159 0.16380 0.09897 0.06603 0.02241 0.09846 0.21092 0.05479 0.05899 0.13403 
0.02103 0.15151 0.22032 0.00698 0.13535 0.19804 0.04131 0.03267 0.15703 0.03575 
0.11323 0.09208 0.02509 0.14472 0.14897 0.13508 0.09732 0.08364 0.08165 0.07821 
0.22908 0.20245 0.03502 0.09410 0.03307 0.05843 0.19695 0.01503 0.11566 0.02021 
0.12111 0.10732 0.13804 0.11269 0.11295 0.06107 0.08630 0.14629 0.08743 0.02681 
0.16976 0.01638 0.11717 0.01413 0.15968 0.08419 0.14788 0.07555 0.16701 0.04825 
0.17761 0.18572 0.02445 0.20839 0.05892 0.05352 0.05024 0.02252 0.06673 0.15190 
0.03432 0.17294 0.05379 0.16665 0.10248 0.16207 0.04670 0.00672 0.12382 0.13051 
0.03586 0.12522 0.16227 0.16402 0.14068 0.13951 0.05870 0.10502 0.02474 0.04397 
0.14474 0.17620 0.01977 0.16587 0.17523 0.07070 0.03104 0.03757 0.09016 0.08871 
0.19007 0.14068 0.09352 0.04767 0.12716 0.00673 0.02893 0.18049 0.01441 0.17033 
0.17348 0.07098 0.13221 0.12341 0.02341 0.05137 0.04091 0.10705 0.20101 0.07617 
0.13591 0.11577 0.05493 0.16050 0.09684 0.04766 0.02319 0.13546 0.09440 0.13534 
0.01645 0.06336 0.05245 0.09913 0.10551 0.16487 0.10508 0.13109 0.14425 0.11782 
0.10660 0.07898 0.17154 0.00627 0.16204 0.18730 0.04084 0.00027 0.07004 0.17612 
0.04610 0.16484 0.07524 0.08740 0.11615 0.14805 0.12324 0.13359 0.08054 0.02485 
0.08052 0.11713 0.10298 0.14066 0.02417 0.01732 0.12308 0.14467 0.16764 0.08185 
0.07020 0.07425 0.16133 0.05159 0.08082 0.13276 0.04949 0.12362 0.13304 0.12289 
0.10447 0.17796 0.11189 0.18832 0.08663 0.05260 0.16458 0.03523 0.01274 0.06560 
0.05736 0.07864 0.15730 0.14308 0.02371 0.00539 0.15750 0.12617 0.12583 0.12503 
0.03468 0.02286 0.02708 0.25247 0.09251 0.13618 0.16391 0.15932 0.03528 0.07572 
0.04318 0.13798 0.04544 0.16255 0.13754 0.13786 0.01731 0.11178 0.17545 0.03090 
0.14601 0.03312 0.09876 0.13217 0.00591 0.12105 0.13724 0.15400 0.07794 0.09380 
0.14198 0.12787 0.13914 0.16313 0.11591 0.00225 0.06035 0.03479 0.12668 0.08791 
0.08783 0.16039 0.02065 0.13197 0.12270 0.15424 0.07031 0.13952 0.06724 0.04515 
0.17938 0.05102 0.09015 0.09881 0.01318 0.09771 0.04675 0.18875 0.08780 0.14645 
0.12358 0.02592 0.08015 0.03953 0.22180 0.21934 0.04223 0.04314 0.00998 0.19434 
0.10702 0.08835 0.10737 0.12611 0.02958 0.04004 0.08792 0.09456 0.16898 0.15007 
0.21248 0.22594 0.02166 0.05348 0.07872 0.03961 0.18653 0.14238 0.01486 0.02433 
0.05049 0.12909 0.04491 0.12611 0.16638 0.01724 0.09611 0.20621 0.05794 0.10553 
0.13471 0.17494 0.19535 0.04983 0.11174 0.02048 0.09615 0.00437 0.12988 0.08255 
0.17766 0.07833 0.04106 0.19371 0.11795 0.09937 0.01433 0.04741 0.20484 0.02534 
0.06905 0.04285 0.14675 0.11080 0.16008 0.08117 0.12682 0.02918 0.05262 0.18069 
0.12623 0.19290 0.14351 0.11187 0.02653 0.04181 0.13327 0.12697 0.04637 0.05053 
0.20677 0.01345 0.12850 0.03661 0.21005 0.03638 0.13746 0.01277 0.08449 0.13352 
0.03315 0.12997 0.15049 0.15470 0.03930 0.10065 0.03949 0.14435 0.12482 0.08308 
0.14312 0.06133 0.07922 0.06285 0.18120 0.10765 0.10766 0.08997 0.00966 0.15734 
0.11568 0.00326 0.13824 0.04178 0.03573 0.13666 0.07405 0.15764 0.14798 0.14899 
0.08238 0.17011 0.08869 0.05165 0.14342 0.12649 0.14845 0.00593 0.08985 0.09303 
0.08718 0.02202 0.14120 0.14751 0.06989 0.10097 0.05126 0.15188 0.16949 0.05861 
0.09812 0.10602 0.06477 0.04870 0.14763 0.10035 0.18479 0.03430 0.07025 0.14507 
0.15627 0.13524 0.11921 0.07712 0.02229 0.08998 0.03243 0.15770 0.09538 0.11438 
0.10580 0.01746 0.17206 0.06316 0.18735 0.04729 0.17945 0.04111 0.01694 0.16938 
0.09014 0.10340 0.06676 0.14912 0.14775 0.03084 0.07015 0.14566 0.06206 0.13412 
0.10823 0.05848 0.10853 0.06443 0.14119 0.13243 0.16092 0.00432 0.12991 0.09157 
0.11923 0.04388 0.09968 0.09316 0.09347 0.08561 0.13029 0.07320 0.11789 0.14359 
0.06902 0.06441 0.12304 0.16583 0.03362 0.09025 0.21055 0.13535 0.05444 0.05350 
0.06545 0.16619 0.10884 0.18894 0.04418 0.07418 0.14432 0.03197 0.07910 0.09682 
0.12113 0.02517 0.13343 0.05485 0.12561 0.06046 0.14715 0.09234 0.13937 0.10051 
0.07146 0.01379 0.14195 0.15571 0.12733 0.16497 0.04835 0.10234 0.08848 0.08562 
0.13561 0.14166 0.05894 0.06253 0.13627 0.09628 0.12523 0.09317 0.12330 0.02701 
0.01265 0.09338 0.06486 0.17412 0.15975 0.00661 0.03703 0.12757 0.11835 0.20568 
0.03628 0.19304 0.01171 0.00477 0.17746 0.15918 0.19583 0.03754 0.08179 0.10240 
0.15978 0.05473 0.08721 0.01256 0.14147 0.04726 0.14611 0.08620 0.17651 0.08817 
0.08120 0.12495 0.12467 0.12758 0.09912 0.08856 0.13231 0.12560 0.02943 0.06658 
0.16420 0.07688 0.08641 0.17626 0.08180 0.06740 0.13842 0.08172 0.10607 0.02085 
0.18211 0.04386 0.06721 0.06055 0.05462 0.18851 0.10107 0.17990 0.06608 0.05609 
0.05216 0.15173 0.02020 0.02260 0.12552 0.13430 0.12454 0.10474 0.10579 0.15842 
0.01070 0.09480 0.06610 0.10625 0.06654 0.15655 0.18078 0.21960 0.02375 0.07491 
0.01741 0.00677 0.11145 0.08564 0.06825 0.16691 0.07770 0.17087 0.15023 0.14479 
0.03489 0.01343 0.14726 0.06339 0.04531 0.08014 0.00866 0.22104 0.22793 0.15794 
0.15835 0.18941 0.01381 0.02250 0.08829 0.07136 0.15792 0.05163 0.06828 0.17846 
0.10952 0.08008 0.17403 0.02946 0.15808 0.05462 0.18148 0.04729 0.02869 0.13675 
0.13151 0.04010 0.10770 0.07860 0.07469 0.13243 0.12233 0.07942 0.11978 0.11344 
0.04696 0.13920 0.16113 0.06080 0.16176 0.05610 0.13236 0.12655 0.10788 0.00726 
0.11140 0.03092 0.09218 0.10340 0.06217 0.06727 0.16135 0.06208 0.11744 0.19179 
0.01478 0.11682 0.05808 0.17307 0.03647 0.16785 0.17183 0.02039 0.08870 0.15201 
0.16863 0.12276 0.08741 0.13906 0.00170 0.05842 0.01371 0.12240 0.17382 0.11209 
0.15814 0.12181 0.17210 0.04533 0.02160 0.02558 0.12088 0.20281 0.09531 0.03643 
0.19635 0.10858 0.16094 0.04832 0.08408 0.20012 0.01822 0.05826 0.01161 0.11351 
0.00973 0.00193 0.04313 0.10065 0.14658 0.04490 0.16141 0.16084 0.17222 0.15861 
0.09274 0.12140 0.07748 0.05563 0.15943 0.09560 0.07709 0.07934 0.08425 0.15704 
0.13075 0.08578 0.08232 0.07997 0.13535 0.16859 0.06940 0.15405 0.01247 0.08131 
0.06192 0.02710 0.09476 0.11942 0.16128 0.04539 0.17928 0.13170 0.01504 0.16410 
0.07480 0.10653 0.06316 0.15424 0.16357 0.04054 0.06617 0.05653 0.12190 0.15256 
0.03448 0.05316 0.04428 0.11226 0.12872 0.17217 0.06756 0.19429 0.11373 0.07934 
0.06089 0.14996 0.09245 0.13251 0.05521 0.02935 0.16682 0.00571 0.12890 0.17819 
0.14337 0.02016 0.10949 0.00831 0.18960 0.08475 0.05284 0.05786 0.14685 0.18675 
0.02001 0.17267 0.03388 0.06225 0.08517 0.15667 0.03190 0.14962 0.14743 0.14039 
0.02648 0.01455 0.08922 0.11028 0.13467 0.13927 0.13689 0.11818 0.14444 0.08602 
0.11463 0.09657 0.10497 0.03492 0.10355 0.09252 0.10608 0.14792 0.14111 0.05773 
0.13173 0.15715 0.03800 0.16132 0.04160 0.11238 0.12821 0.06946 0.07311 0.08704 
0.03576 0.16145 0.16443 0.18179 0.06747 0.11035 0.13525 0.01703 0.02929 0.09718 
0.09272 0.12490 0.14781 0.03008 0.15771 0.08383 0.11700 0.09610 0.06154 0.08830 
0.20298 0.03416 0.10287 0.03394 0.02314 0.15618 0.17795 0.18744 0.02744 0.05390 
0.07697 0.05288 0.17241 0.20055 0.18951 0.01682 0.07718 0.08486 0.02961 0.09920 
0.13185 0.12378 0.04400 0.11749 0.15591 0.04020 0.03477 0.10863 0.14286 0.10051 
