0.07559,0.11260,0.06927,0.08097,0.06890,0.10817,0.20154,0.50397,0.13135,0.04660
0.11260,2.66911,0.45612,0.07743,0.18436,0.96221,1.38624,2.38077,-0.00569,0.21117
0.06927,0.45612,0.24660,0.09969,0.11545,0.20173,0.23515,0.29711,0.14507,0.08093
0.08097,0.07743,0.09969,0.99884,0.15887,0.11694,0.21519,0.39003,0.13990,0.17996
0.06890,0.18436,0.11545,0.15887,0.19052,0.13436,0.21060,0.34018,0.19056,0.09112
0.10817,0.96221,0.20173,0.11694,0.13436,0.61167,1.04855,2.57543,0.10650,0.10498
0.20154,1.38624,0.23515,0.21519,0.21060,1.04855,2.57733,7.11448,0.13037,0.20070
0.50397,2.38077,0.29711,0.39003,0.34018,2.57543,7.11448,22.59166,0.62404,0.49681
0.13135,-0.00569,0.14507,0.13990,0.19056,0.10650,0.13037,0.62404,2.45153,0.11801
0.04660,0.21117,0.08093,0.17996,0.09112,0.10498,0.20070,0.49681,0.11801,0.40791

